Packets	Time	Ax	Ay	Az	Temp	Alt	Press
2100	23566	4	256	-17	220	0.1739	102944.9100
2101	23796	5	254	-9	220	0.1739	102944.9100
2102	24025	7	256	-20	220	0.1422	102945.2400
2103	24255	7	254	-10	220	0.1157	102945.5700
2104	24485	4	254	-16	220	0.0048	102946.9100
2105	24715	5	255	-11	220	0.0206	102946.7300
2106	24945	6	255	-18	220	-0.0269	102947.3400
2107	25176	5	253	-7	220	-0.0428	102947.5100
2108	25406	4	255	-15	220	0.0100	102946.8400
2109	25636	9	254	-10	220	0.0259	102946.6700
2110	25866	4	256	-17	220	0.0365	102946.5200
2111	26096	8	254	-11	220	-0.0745	102947.9100
2112	26327	7	254	-19	220	-0.1168	102948.4000
2113	26558	8	254	-11	220	-0.1009	102948.2300
2114	26789	4	256	-15	220	-0.1591	102948.9100
2115	27020	10	253	-11	220	-0.0957	102948.1300
2116	27252	4	254	-16	220	-0.0534	102947.6300
2117	27483	4	254	-8	220	-0.0005	102946.9700
2118	27713	6	255	-17	220	0.0893	102945.8800
2119	27943	5	254	-10	220	0.1580	102945.0500
2120	28173	6	255	-15	220	0.0576	102946.3000
2121	28403	9	255	-10	220	0.0259	102946.6300
2122	28633	5	255	-17	219	0.0153	102946.8000
2123	28863	6	253	-10	219	0.0153	102946.8000
2124	29093	5	255	-17	219	0.0682	102946.1300
2125	29322	8	254	-13	220	0.1316	102945.3700
2126	29552	5	256	-18	220	0.1474	102945.2000
2127	29782	4	253	-9	220	0.0999	102945.8000
2128	30011	6	255	-17	220	0.1052	102945.7000
2129	30241	7	254	-9	220	0.0206	102946.7000
2130	30470	5	255	-15	220	0.0417	102946.4700
2131	30700	6	255	-10	220	0.0840	102945.9700
2132	30930	5	255	-17	220	0.1104	102945.6300
2133	31160	9	257	-11	220	0.2637	102943.8000
2134	31390	-59	1371	-5	220	1.0775	102933.8800
2135	31622	-12	1671	-8	220	2.9060	102911.6700
2136	31854	-3	2110	-12	220	6.0873	102872.9500
2137	32086	2	2514	5	220	12.0430	102800.5500
2138	32316	-2	2725	-5	220	21.4019	102686.8700
2139	32548	23	2478	16	220	35.0043	102521.8400
2140	32780	49	2028	40	220	52.5966	102308.6400
2141	33012	-14	-662	-8	220	72.7096	102065.4000
2142	33245	-5	-334	7	220	95.7449	101787.3400
2143	33476	-2	-378	17	220	120.3762    101490.7500
2144	33709	4	-347	-2	220	145.9296	101183.8300
2145	33941	19	-318	-24	220	171.6257	100875.9100
2146	34175	23	-281	-4	220	197.3456	100568.4500
2147	34408	19	-247	-11	220	222.5635	100267.7400
2148	34641	8	-220	-16	220	247.0547	99976.3980
2149	34873	29	-199	-5	220	270.9012	99693.3830
2150	35105	10	-184	-13	220	293.9207	99420.7890
2151	35338	26	-174	-2	220	316.0524	99159.2810
2152	35570	6	-151	-7	220	337.3121	98908.6020
2153	35801	16	-138	-11	220	357.5678	98670.2420
2154	36034	20	-122	-8	220	376.8274	98444.0390
2155	36266	13	-108	-15	220	395.2757	98227.7420
2156	36499	11	-97	-9	220	412.7411	98023.3360
2157	36730	11	-89	-14	220	429.2871	97830.0080
2158	36962	2	-79	-10	220	444.8527	97648.3980
2159	37192	7	-66	-10	220	459.5649	97477.0230
2160	37423	12	-61	-11	220	473.5372	97314.4920
2161	37655	7	-52	-14	219	486.6482	97162.1640
2162	37886	8	-45	-14	219	498.9030	97019.9610
2163	38117	8	-40	-10	219	510.3547	96887.2340
2164	38348	10	-34	-9	219	521.0955	96762.8670
2165	38579	8	-32	-13	219	531.1626	96646.4300
2166	38810	4	-27	-19	219	540.5110	96538.4300
2167	39040	8	-20	-12	219	549.1776	96438.3750
2168	39271	5	-19	-15	219	556.9934	96348.1950
2169	39502	7	-15	-15	219	564.0880	96266.4060
2170	39733	7	-11	-13	220	570.4532	96193.0860
2171	39964	4	-9	-14	220	576.2081	96126.8280
2172	40194	7	-9	-15	220	581.2310	96069.0390
2173	40424	6	-8	-12	220	585.6251	96018.4840
2174	40654	5	-8	-13	220	589.3507	95975.6410
2175	40883	6	-10	-13	220	592.4369	95940.1800
2176	41114	5	-11	-11	219	594.9576	95911.2110
2177	41345	8	-16	-8	219	596.8231	95889.7890
2178	41575	6	-25	-12	219	598.1072	95875.0160
2179	41806	5	-26	-10	220	598.7018	95868.2030
2180	42037	3	-17	-7	220	598.7308	95867.8750
2181	42267	6	-10	-9	220	598.1945	95874.0160
2182	42496	6	-11	-16	219	596.9658	95888.1250
2183	42727	4	-18	-18	219	595.1902	95908.5550
2184	42958	65	-73	19	219	591.5095	95950.8360
2185	43189	428	-191	244	219	586.2196	96011.6480
2186	43423	1673	583	-947	219	583.0304	96048.3360
2187	43658	-545	28	404	219	580.5441	96076.9140
2188	43891	92	192	165	218	577.9255	96107.0700
2189	44123	675	-46	92	218	575.6717	96132.9840
2190	44355	887	276	46	218	573.3174	96160.0860
2191	44587	-137	108	833	217	571.2458	96183.9450
2192	44820	-146	-289	433	217	569.2880	96206.5000
2193	45055	-190	32	645	217	567.4199	96228.0160
2194	45288	-226	13	-158	216	565.3853	96251.4450
2195	45522	-201	-64	-342	216	564.2174	96264.9300
2196	45757	155	74	280	216	562.3467	96286.4840
2197	45989	533	-242	-144	216	560.8459	96303.7810
2198	46224	-85	40	218	216	558.6898	96328.6410
2199	46456	86	-37	-262	216	557.0305	96347.7810
2200	46689	303	189	-43	216	555.0250	96370.8910
2201	46922	-120	219	-332	216	552.9217	96395.1410
2202	47157	180	99	10	216	550.9347	96418.0860
2203	47387	330	324	-405	215	548.8077	96442.6410
2204	47621	391	-222	-738	215	547.2858	96460.2030
2205	47856	482	-3	-634	215	545.9117	96476.0470
2206	48089	-386	49	-290	214	543.7372	96501.1640
2207	48323	74	-219	639	214	542.0487	96520.6480
2208	48556	520	206	236	214	539.9984	96544.3360
2209	48789	158	-170	-112	214	538.3231	96563.6880
2210	49024	-115	-99	157	214	536.6110	96583.4610
2211	49258	-156	-71	-68	214	534.7745	96604.7030
2212	49492	-273	-205	143	213	533.6146	96618.0940
2213	49727	130	11	208	213	532.1244	96635.3200
2214	49959	437	-188	-476	213	530.3197	96656.1950
2215	50193	250	-337	130	212	528.2112	96680.5550
2216	50427	543	222	423	212	526.1925	96703.9060
2217	50660	-270	-483	-289	212	524.4037	96724.6020
2218	50896	137	-30	929	212	522.3004	96748.9380
2219	51129	-201	-231	142	212	520.3108	96771.9610
2220	51364	-98	147	-61	212	518.3053	96795.1720
2221	51597	420	-181	-6	212	516.5614	96815.3670
2222	51830	174	246	36	212	514.4872	96839.3830
2223	52062	2	-237	175	212	512.9600	96857.0550
2224	52294	143	249	117	211	510.8356	96881.6640
2225	52527	-133	147	-264	211	508.9675	96903.3050
2226	52762	41	57	-136	211	506.9461	96926.7340
2227	52993	341	117	-156	210	504.8112	96951.4610
2228	53227	550	-413	-592	210	503.1228	96971.0390
2229	53462	355	-349	-599	210	501.0089	96995.5550
2230	53697	54	-50	102	210	499.1144	97017.5080
2231	53929	493	-75	-302	210	497.6216	97034.8130
2232	54163	261	36	-22	210	495.5659	97058.6800
2233	54395	-138	-321	113	209	494.0783	97075.9220
2234	54630	-239	-14	79	209	491.9935	97100.1020
2235	54863	171	93	608	209	489.7819	97125.7970
2236	55095	104	-166	128	209	487.9905	97146.5780
2237	55329	-82	-47	-132	209	485.9189	97170.6330
2238	55563	-345	-51	-1	209	484.1433	97191.2420
2239	55796	134	76	-112	208	482.0665	97215.3750
2240	56028	341	-306	-25	208	480.5419	97233.0860
2241	56262	167	363	-144	208	478.3647	97258.3830
2242	56496	-148	103	11	207	476.5045	97279.9840
2243	56729	172	121	-6	207	474.4647	97303.6950
2244	56961	-488	-62	214	207	472.5913	97325.4690
2245	57195	431	-61	-368	206	470.4907	97349.9140
2246	57429	38	-194	-488	206	468.2051	97376.5000
2247	57663	-254	327	-849	206	466.0939	97401.0390
2248	57898	541	-102	-730	206	464.3025	97421.8910
2249	58133	451	-147	99	206	462.4608	97443.3130
2250	58366	-99	63	-480	206	460.3893	97467.4380
2251	58599	316	200	-725	205	458.3177	97491.5550
2252	58833	524	-127	139	205	456.7641	97509.6170
2253	59067	147	50	131	205	454.5869	97534.9840
2254	59298	374	88	220	204	452.6976	97557.0000
2255	59530	226	-191	326	204	450.9669	97577.1480
2256	59764	-107	-290	-48	204	449.6220	97592.8360
2257	59999	69	-76	259	204	448.2216	97609.1560
2258	60231	485	-100	-85	204	446.6521	97627.4300
2259	60465	248	124	-191	204	444.7470	97649.6480
2260	60699	407	-361	-324	203	443.2938	97666.5940
2261	60934	636	-515	-24	203	441.5472	97686.9380
2262	61168	873	452	-314	203	439.6739	97708.7970
2263	61402	610	-132	-387	203	438.0885	97727.2970
2264	61637	257	37	-144	203	436.2125	97749.1640
2265	61870	118	72	153	203	434.7619	97766.1090
2266	62102	332	22	-20	203	433.7050	97778.4450
2267	62333	400	-94	-123	203	432.1249	97796.8910
2268	62567	258	167	-351	203	430.0243	97821.4140
2269	62801	97	50	-318	201	428.6080	97837.9380
2270	63033	124	230	493	201	426.4863	97862.7110
2271	63266	-478	7	324	201	424.8454	97881.8830
2272	63498	105	-40	94	201	422.8584	97905.0940
2273	63730	75	48	-320	201	421.0088	97926.6880
2274	63962	552	49	30	201	419.0403	97949.6950
2275	64193	208	-46	31	200	417.3889	97968.9840
2276	64425	-135	-10	-22	200	415.9885	97985.3520
2277	64659	738	168	-65	200	414.5458	98002.2270
2278	64892	584	-67	-184	199	413.0265	98020.0080
2279	65125	-205	151	-536	199	411.4966	98037.8750
2280	65360	-379	-37	-496	199	410.3895	98050.8440
2281	59	260	30	-871	199	408.5135	98072.7890
2282	289	-616	-179	-306	199	407.2082	98088.0470
2283	523	-184	-137	-567	199	405.6044	98106.8200
2284	757	654	-353	-186	198	403.8710	98127.1090
2285	990	-94	-137	-560	198	402.2883	98145.6250
2286	1223	-100	-138	-57	198	400.7082	98164.1330
2287	1457	-33	261	-383	198	398.9247	98185.0000
2288	1690	-264	-490	230	198	397.4714	98202.0160
2289	1924	815	-558	435	198	396.0975	98218.1250
2290	2157	626	126	406	198	394.0391	98242.2190
2291	2388	140	-733	-1	198	393.0905	98253.3360
2292	2620	476	178	-162	198	391.1696	98275.8360
2293	2853	-294	-163	233	197	389.7349	98292.6480
2294	3087	335	-572	324	197	388.5406	98306.6560
2295	3320	-274	-101	-35	197	386.4690	98330.9380
2296	3554	196	192	-440	197	384.6776	98351.9380
2297	3787	-307	-41	-125	197	382.9971	98371.6410
2298	4021	548	-211	-118	197	381.7737	98385.9920
2299	4255	99	301	340	196	379.7682	98409.5160
2300	4486	384	-278	-120	196	378.3255	98426.4610
2301	4720	-110	126	-202	196	376.4971	98447.8910
2302	4954	73	-6	-549	196	374.8166	98467.6330
2303	5184	241	95	-744	196	373.2788	98485.6880
2304	5416	185	-752	-478	196	371.9127	98501.7110
2305	5650	134	306	583	195	370.1239	98522.7190
2306	5882	-149	-355	-206	195	368.5887	98540.7270
2307	6117	-347	198	32	195	366.8951	98560.6410
2308	6349	240	54	-8	195	365.3441	98578.8440
2309	6579	108	74	-61	195	363.8036	98596.9380
2310	6810	-111	54	-111	195	362.7070	98609.8360
2311	7043	439	209	-21	194	360.9050	98631.0000
2312	7275	31	-272	-162	194	359.6685	98645.5470
2313	7507	623	86	-296	194	357.9959	98665.2030
2314	7739	-263	-86	-694	194	356.7382	98680.0000
2315	7973	157	115	50	194	354.8885	98701.7340
2316	8204	-190	16	-498	194	353.1182	98722.5630
2317	8437	-56	62	314	193	351.5778	98740.6800
2318	8668	-206	48	137	193	349.8973	98760.4380
2319	8900	271	33	-55	193	348.5418	98776.3830
2320	9131	-171	61	-316	193	346.9723	98794.8670
2321	9364	-438	-315	296	193	345.3817	98813.5780
2322	9598	387	0	-326	193	343.6616	98833.8200
2323	9828	404	-378	-80	192	342.3351	98849.4450
2324	10061	420	-273	-296	192	340.7022	98868.6800
2325	10296	-37	-448	-303	192	338.9847	98888.9140
2326	10531	138	26	-328	192	336.9872	98912.4380
2327	10764	-415	76	278	192	335.1481	98934.0940
2328	10997	446	173	-109	192	333.5205	98953.2580
2329	11231	-355	168	129	191	331.9246	98972.0860
2330	11465	-406	-339	209	191	330.5691	98988.0470
2331	11700	489	-180	-264	191	329.2876	99003.1480
2332	11935	-55	92	97	191	327.5199	99024.0000
2333	12166	234	29	-20	191	326.2463	99039.0080
2334	12398	587	70	-182	191	324.9225	99054.6250
2335	12630	51	-30	678	190	322.9673	99077.6800
2336	12862	283	218	-352	190	321.2048	99098.4840
2337	13096	181	-20	81	190	319.1544	99122.6560
2338	13328	445	3	395	190	318.0738	99135.4220
2339	13559	-65	13	-169	190	315.9996	99159.8910
2340	13792	-352	-167	-400	190	313.8911	99184.7970
2341	14028	-262	468	-698	189	312.1260	99205.6410
2342	14263	537	-272	-3	189	310.5671	99224.0550
2343	14496	420	-119	146	189	309.0821	99241.5780
2344	14730	-479	149	394	188	307.1374	99264.5390
2345	14964	90	-88	-424	188	305.6049	99282.6410
2346	15197	-259	72	-341	188	303.6152	99306.1800
2347	15431	-49	-135	-501	188	302.0880	99324.2110
2348	15666	-47	-37	-45	188	300.1036	99347.6720
2349	15899	-164	132	376	188	298.2593	99369.4770
2350	16132	401	-110	-344	187	296.4547	99390.8050
2351	16367	1	-297	-441	187	295.5246	99401.8280
2352	16600	238	118	9	187	293.9022	99421.0160
2353	16831	55	58	-496	187	292.3961	99438.8360
2354	17063	155	-45	-299	187	290.3907	99462.5550
2355	17297	41	181	-647	187	288.7709	99481.7270
2356	17530	269	183	-85	187	287.0455	99502.1330
2357	17763	-160	161	-619	187	285.2964	99522.8360
2358	17998	380	77	-574	187	283.5974	99542.9450
2359	18231	224	-13	104	186	282.1494	99560.1090
2360	18464	-144	10	-29	186	280.6143	99578.2810
2361	18697	-37	-313	183	186	279.4543	99592.0310
2362	18931	-470	-41	236	186	277.6126	99613.8440
2363	19165	-403	403	128	186	276.0009	99632.9300
2364	19399	-308	-40	13	186	274.3653	99652.3280
2365	19632	83	181	141	185	272.4523	99674.9770
2366	19864	349	140	110	185	270.6819	99695.9770
2367	20096	520	373	-296	185	268.7240	99719.1720
2368	20330	199	-57	137	185	267.1783	99737.5000
2369	20563	152	41	49	185	265.2943	99759.8750
2370	20794	130	-158	-406	185	264.0472	99774.6560
2371	21029	403	-111	-44	184	262.4962	99793.0390
2372	21263	-186	27	-155	184	260.7840	99813.3750
2373	21497	121	-32	-156	184	259.0744	99833.6720
2374	21731	245	-157	15	184	257.5366	99851.9220
2375	21964	-288	46	-282	184	255.9856	99870.3360
2376	22198	74	168	-225	184	254.0779	99892.9690
2377	22431	223	57	-490	184	252.9893	99905.9140
2378	22664	-145	3	985	184	250.9996	99929.5310
2379	22896	-349	-347	-10	184	249.5992	99946.1720
2380	23131	-43	-42	667	183	247.5515	99970.4920
2381	23364	-200	-60	276	183	245.7309	99992.1250
2382	23597	741	-219	153	183	244.4970	100006.7800
2383	23832	405	22	-20	182	242.5100	100030.4100
2384	24065	398	295	-312	182	240.9696	100048.7300
2385	24300	87	-17	-239	182	239.1887	100069.9000
2386	24534	-301	-232	111	182	237.9626	100084.4800
2387	24770	86	3	-239	182	236.1025	100106.6000
2388	25002	-135	101	62	182	234.1419	100129.9100
2389	25236	375	97	-162	182	232.0466	100154.8500
2390	25470	287	-42	-17	182	230.1653	100177.2300
2391	25704	-78	-180	138	182	228.6275	100195.5500
2392	25939	198	29	-27	182	226.5586	100220.1700
2393	26172	-95	-74	36	182	224.9970	100238.7600
2394	26405	-197	-70	182	182	223.1844	100260.3400
2395	26640	-199	-159	-41	181	221.4643	100280.8400
2396	26876	423	93	118	181	219.6913	100301.9700
2397	27109	-24	53	-554	181	217.7361	100325.2600
2398	27343	-564	-308	627	180	215.9155	100346.9600
2399	27579	1	23	641	180	214.3487	100365.6200
2400	27810	-163	-12	35	180	212.7501	100384.6600
2401	28044	-733	-42	-363	180	211.2757	100402.2700
2402	28280	247	89	116	180	209.3389	100425.3500
2403	28513	-195	52	-384	180	207.9913	100441.4400
2404	28747	98	-52	-170	180	206.5170	100459.0100
2405	28981	-23	53	-304	180	204.7731	100479.8000
2406	29215	153	212	-215	180	203.4731	100495.3000
2407	29450	350	165	-401	180	201.9273	100513.7800
2408	29685	428	151	1	180	200.3155	100533.0000
2409	29917	167	45	-455	180	198.8649	100550.3100
2410	30151	245	214	-122	179	197.3086	100568.9000
2411	30386	284	26	240	179	195.7550	100587.4500
2412	30619	-736	-192	-239	179	194.4497	100603.0400
2413	30856	895	-248	174	179	192.6265	100624.8000
2414	31091	-59	-201	234	179	190.6977	100647.8400
2415	31326	130	-77	-10	179	189.3158	100664.3500
2416	31560	53	-85	532	178	187.7040	100683.6300
2417	31793	-259	-34	-195	178	185.8940	100705.2400
2418	32029	120	-29	781	178	184.3456	100723.7500
2419	32263	-257	261	-558	178	182.6704	100743.8000
2420	32499	238	-191	38	178	180.7944	100766.2200
2421	32733	-161	213	584	178	179.2540	100784.6400
2422	32968	194	-214	-266	178	177.7532	100802.5900
2423	33203	291	-211	727	178	176.6091	100816.2700
2424	33438	298	350	-204	178	174.8863	100836.8900
2425	33673	343	22	-655	177	173.5150	100853.3000
2426	33907	868	186	-256	177	171.6046	100876.1700
2427	34142	10	22	-501	177	170.2412	100892.4600
2428	34375	437	248	244	177	168.4893	100913.4400
2429	34609	64	187	-362	177	166.5737	100936.3800
2430	34843	286	52	-434	177	165.3107	100951.5200
2431	35077	288	129	668	177	163.3501	100974.9800
2432	35311	59	-128	684	177	161.6485	100995.3800
2433	35545	412	-276	-176	177	160.3934	101010.4100
2434	35781	-536	207	-240	176	158.4170	101034.0900
2435	36017	60	-112	-183	176	156.8977	101052.3000
2436	36252	238	84	170	176	155.5898	101067.9700
2437	36485	-429	-129	653	176	153.6556	101091.1600
2438	36721	-630	-46	-88	176	151.8589	101112.7000
2439	36956	200	108	311	176	150.1546	101133.1300
2440	37190	14	-39	16	176	148.4953	101153.0500
2441	37422	121	-402	97	176	147.1636	101169.0200
2442	37656	-23	225	-843	176	145.4170	101189.9800
2443	37891	174	158	-582	175	143.4221	101213.9100
2444	38126	39	287	-825	175	141.8499	101232.7800
2445	38360	-208	-32	-97	175	140.1298	101253.4300
2446	38595	-45	293	-9	175	138.3833	101274.3900
2447	38828	2	85	61	175	136.9776	101291.2700
2448	39058	257	142	-116	175	135.4292	101309.8900
2449	39293	-170	-289	-59	175	134.2825	101323.6600
2450	39529	-275	-26	-383	175	132.2981	101347.4200
2451	39765	-19	-244	-152	175	130.3428	101370.9400
2452	40001	94	-224	-272	175	128.7998	101389.5200
2453	40236	29	92	-336	175	126.7335	101414.3400
2454	40469	-78	-176	-240	175	125.6660	101427.1700
2455	40705	-12	36	-212	174	123.3989	101454.4300
2456	40939	87	64	124	174	121.5758	101476.3600
2457	41171	-467	-471	27	174	120.1437	101493.5900
2458	41406	533	-103	209	174	118.0404	101518.8500
2459	41641	128	99	-28	174	116.2542	101540.3800
2460	41874	-93	-270	-341	174	114.6530	101559.5900
2461	42110	714	11	-262	174	112.6396	101583.8700
2462	42344	187	-291	243	174	111.2022	101601.1600
2463	42579	541	97	-184	174	109.6538	101619.7700
2464	42813	338	101	211	173	107.4238	101646.6300
2465	43047	476	171	325	173	105.6957	101667.4900
2466	43281	-189	-153	-42	173	103.6453	101692.1800
2467	43517	270	303	-111	173	101.6847	101715.7500
2468	43752	-208	-164	-401	173	99.9567	101736.6500
2469	43988	50	262	-76	173	97.9803	101760.3900
2470	44220	-279	11	164	173	96.2258	101781.5900
2471	44453	95	223	-59	173	94.2547	101805.3400
2472	44685	340	130	12	173	92.4949	101826.5900
2473	44917	-140	184	-38	173	90.5449	101850.0500
2474	45151	140	135	-322	173	88.6742	101872.6300
2475	45385	134	129	-186	173	86.7242	101896.1500
2476	45619	119	220	141	172	84.8217	101919.1300
2477	45852	20	282	49	172	82.7343	101944.3600
2478	46083	536	-97	-198	172	81.0803	101964.3000
2479	46317	113	165	-108	172	78.9929	101989.4800
2480	46551	165	174	336	172	77.0429	102013.0800
2481	46784	-362	-160	261	172	74.9238	102038.6500
2482	47019	230	-67	-969	172	73.2327	102059.1000
2483	47253	516	-432	298	172	71.8165	102076.1500
2484	47487	559	-480	75	172	69.7766	102100.8300
2485	47720	365	-49	-369	172	67.8795	102123.7900
2486	47954	208	-447	-48	172	66.2730	102143.1900
2487	48188	244	13	281	172	64.3811	102166.0400
2488	48420	538	203	-195	171	62.3466	102190.7000
2489	48654	551	110	-92	171	60.4336	102213.8000
2490	48887	-259	28	-716	171	58.2141	102240.6300
2491	49121	456	203	-357	171	56.0210	102267.1700
2492	49355	828	-305	378	171	54.2982	102288.0200
2493	49589	702	206	-98	171	52.5754	102308.9100
2494	49822	-87	282	-259	171	50.7576	102330.9200
2495	50056	475	16	8	171	49.1458	102350.4400
2496	50286	386	96	-135	171	47.2750	102373.0900
2497	50519	-184	134	-141	170	45.4466	102395.2000
2498	50754	-61	137	-141	170	43.7397	102415.8900
2499	50988	86	109	181	170	41.9059	102438.1500
2500	51220	-246	84	32	171	40.0986	102460.0400
2501	51452	212	168	-12	171	38.2543	102482.3600
2502	51685	-250	32	-83	171	36.4470	102504.3000
2503	51918	171	190	34	171	34.5604	102527.1600
2504	52150	-25	121	-309	171	32.7002	102549.7700
2505	52384	-150	32	245	171	30.9246	102571.3100
2506	52617	194	223	58	170	29.0751	102593.6800
2507	52849	251	239	-217	170	27.3893	102614.1900
2508	53083	-174	69	-30	170	25.8198	102633.2300
2509	53316	-97	61	95	170	24.0494	102654.7000
2510	53547	271	167	138	170	22.3320	102675.5500
2511	53780	113	237	-140	170	20.7360	102694.9200
2512	54014	-78	127	-228	170	19.1454	102714.2800
2513	54248	17	48	154	170	17.4596	102734.7700
2514	54479	209	151	36	170	15.7791	102755.1200
2515	54711	153	204	-201	170	14.2043	102774.2600
2516	54945	-175	103	9	170	12.6031	102793.7700
2517	55176	0	9	144	170	10.9860	102813.3800
2518	55405	201	232	-128	170	9.3161	102833.6900
2519	55638	303	180	-235	170	7.6568	102853.8400
2520	55871	-108	77	-130	170	5.9446	102874.7000
2521	56104	-93	9	161	169	4.2271	102895.5400
2522	56334	116	133	134	169	2.4991	102916.5600
2523	56566	443	130	-125	169	1.0194	102934.6200
2524	56799	83	-40	116	170	-0.1274	102948.5100
2525	57031	148	-19	156	170	-1.0257	102959.4500
2526	57264	177	-3	175	170	-1.5700	102966.0800
2527	57496	173	-4	183	169	-1.9822	102971.1300
2528	57728	173	-5	175	169	-2.3997	102976.2000
2529	57960	172	-5	183	169	-2.7538	102980.5100
2530	58192	174	-3	175	169	-2.9599	102982.9900
2531	58424	172	-6	183	169	-3.1607	102985.4800
2532	58656	173	-3	176	169	-3.2875	102986.9700
2533	58888	172	-3	184	169	-3.4091	102988.4700
2534	59120	174	-2	175	169	-3.5148	102989.7900
2535	59352	173	-3	180	169	-3.6099	102990.9500
2536	59584	174	-3	175	169	-3.6733	102991.6800
2537	59816	173	-5	186	169	-3.6310	102991.1800
2538	60048	173	-3	175	169	-3.6469	102991.3400
2539	60280	173	-6	182	170	-3.6046	102990.8500
2540	60512	173	-2	175	170	-3.5887	102990.6900
2541	60744	175	-5	180	170	-3.5729	102990.4500
2542	60976	174	-2	175	170	-3.6099	102990.9500
2543	61208	172	-6	183	170	-3.6680	102991.6100
2544	61440	173	-2	176	170	-3.8213	102993.5100
2545	61672	173	-6	182	170	-3.8635	102994.0000
2546	61904	173	-4	175	170	-3.7578	102992.7300
2547	62136	172	-6	181	170	-3.7843	102993.0600
2548	62368	174	-5	176	170	-3.8160	102993.4100
2549	62600	172	-5	184	170	-3.8213	102993.4700
2550	62832	172	-2	174	170	-3.8213	102993.4700
2551	63064	173	-3	183	170	-3.7896	102993.1300
2552	63296	174	-3	174	170	-3.8213	102993.4700
2553	63528	173	-7	182	170	-3.8847	102994.2300
2554	63760	174	-3	173	170	-3.8477	102993.8000
2555	63992	173	-5	178	170	-3.8213	102993.4700
2556	64224	174	-4	175	170	-3.8213	102993.4700
2557	64456	172	-7	182	170	-3.8054	102993.3100
2558	64688	174	-4	175	170	-3.8477	102993.8000
2559	64920	173	-7	181	170	-3.9005	102994.4700
2560	65152	174	-3	175	170	-3.9270	102994.8000
2561	65384	174	-5	179	170	-3.9534	102995.1300
2562	80	174	-5	175	170	-3.8794	102994.2000
2563	308	173	-5	180	170	-3.8530	102993.8800
2564	538	174	-2	176	170	-3.8900	102994.3000
2565	768	174	1	182	170	-3.8265	102993.5400
2566	997	174	-4	175	170	-3.8688	102994.0300
2567	1227	171	-6	181	170	-3.8318	102993.6300
2568	1458	172	-3	175	170	-3.7790	102992.9600
2569	1689	172	-6	184	171	-3.7526	102992.7000
2570	1920	173	-3	175	171	-3.7526	102992.7000
2571	2151	174	1	186	171	-3.7896	102993.1200
2572	2381	174	-3	176	170	-3.7684	102992.8700
2573	2612	174	-5	180	170	-3.7843	102993.0200
2574	2843	172	0	176	170	-3.8054	102993.2600
2575	3073	173	-7	181	170	-3.8635	102994.0200
2576	3304	173	-4	176	170	-3.8582	102993.9300
2577	3535	174	-2	179	170	-3.9587	102995.1800
2578	3766	174	-4	174	170	-3.9270	102994.7600
2579	3997	173	-6	180	170	-3.8635	102993.9800
2580	4228	173	-3	174	170	-3.8371	102993.6600
2581	4459	175	-5	179	171	-3.8371	102993.6600
2582	4690	174	-5	175	171	-3.7948	102993.1600
2583	4921	173	-4	185	171	-3.7156	102992.2200
2584	5152	173	-3	174	171	-3.6891	102991.8900
2585	5383	173	-4	186	171	-3.6891	102991.8900
2586	5613	174	-4	174	171	-3.7526	102992.6600
2587	5844	173	-6	183	171	-3.7684	102992.8300
2588	6075	174	-3	175	171	-3.7684	102992.8300
2589	6306	173	-6	186	171	-3.7156	102992.2200
2590	6537	174	-3	176	171	-3.7790	102992.9900
2591	6768	174	-5	186	171	-3.7790	102992.9900
2592	6999	173	-3	175	171	-3.7526	102992.6600
2593	7230	173	-7	180	171	-3.8107	102993.3300
2594	7461	173	-3	176	171	-3.9005	102994.4300
2595	7692	173	-5	182	171	-3.9270	102994.7600
2596	7923	173	-2	175	170	-3.9322	102994.8200
2597	8154	174	-6	186	170	-4.0274	102995.9800
2598	8385	174	-4	175	170	-4.0643	102996.4800
2599	8616	172	-4	186	171	-4.1172	102997.1300
2600	8847	173	-3	175	171	-4.1489	102997.4700